0.9443991853360488
0.95030549898167
0.94989816700611
0.9532586558044807
0.9535641547861508
0.95030549898167
0.9090631364562118
0.9194501018329939
0.8962321792260692
0.9420570264765784
0.9422659079151577
0.948991205380238
0.933781686497672
0.9472322814278323
0.9510605276771857
0.9494050698396275
0.9079151577858251
0.9183652353854113
0.9341955509570615
0.9411277806518366
0.9521908271908271
0.9533169533169533
0.9395986895986896
0.9539312039312039
0.954954954954955
0.9543407043407044
0.9143120393120393
0.9238329238329238
0.9062244062244063
0.9467649467649467
0.9497446373850869
0.9588355464759959
0.9420837589376915
0.9553626149131768
0.9573033707865168
0.9559754851889684
0.9167517875383044
0.9256384065372829
0.902247191011236
0.9558733401430031
0.9530454267671623
0.9543695253615808
0.9398044408229782
0.9540639641474842
0.9567121613363211
0.9549806477897739
0.9126094927683845
0.9330820941128539
0.9000814829904258
0.946832348747199
0.9481227291077917
0.9562979410577311
0.947214372224465
0.9533710133225676
0.9589220831651191
0.9579127977392007
0.9169358094469116
0.9253128784820347
0.9031085991118288
0.9493338716188938
0.9458443405811827
0.9524486892907945
0.9369030684820159
0.9501117659012396
0.9538711643974802
0.9566145092460882
0.9122129648445438
0.9227799227799228
0.8989026620605568
0.9438122332859175
0.9476054031927957
0.9534383954154728
0.9383954154727794
0.9510847318870241
0.9553827261563651
0.9542570609905854
0.9200777732296357
0.9244781006958658
0.9052394596807204
0.9481170691772411
0.9489110523101975
0.9604111540810095
0.9401587624669245
0.9538978221046204
0.9604111540810095
0.957154488092815
0.9203134541013638
0.9261143903928354
0.9042336657846529
0.947079177691838
0.9530180778265754
0.956899193136554
0.9417832703503217
0.9552650393218262
0.9592482892452252
0.9579205392707588
0.9423960780308447
0.9526095393728935
0.9068532325605148
0.9490348279031764
