0.9130487804878049
0.9007317073170732
0.9201219512195122
0.9020731707317073
0.8869512195121951
0.9087804878048781
0.9017073170731708
0.9089024390243903
0.9178048780487805
0.9015853658536586
0.9067073170731708
0.9053658536585366
0.909390243902439
0.901829268292683
0.8967073170731708
0.8973170731707317
0.8895121951219512
0.8901219512195122
0.8996341463414634
0.9020731707317073
0.9030487804878049
0.8936585365853659
0.9021951219512195
0.8942682926829268
0.886219512195122
0.8868292682926829
0.894390243902439
0.8867073170731707
0.8998780487804878
0.8920731707317073
0.8989024390243903
0.900609756097561
0.8887804878048781
0.9085365853658537
0.9028048780487805
0.8945121951219512
0.8969512195121951
0.8825609756097561
0.8945121951219512
0.8990243902439025
0.8941463414634147
0.9026829268292683
0.9074390243902439
0.9024390243902439
0.8982926829268293
0.8879268292682927
0.8979268292682927
0.889390243902439
0.9003658536585366
0.8954878048780488
0.8996341463414634
0.8969512195121951
0.9084146341463415
0.8991463414634147
0.8767073170731707
0.9002439024390244
0.8964634146341464
0.8964634146341464
0.9009756097560976
0.8891463414634146
0.9153658536585366
0.8986585365853659
0.9059756097560976
0.8959756097560976
0.9040243902439025
0.9026829268292683
0.890609756097561
0.9109756097560976
0.9114634146341464
0.9110975609756098
0.8989024390243903
0.9129268292682927
0.8891463414634146
0.9036585365853659
0.8880487804878049
0.9028048780487805
0.8918292682926829
0.8976829268292683
0.9097560975609756
0.9076829268292683
0.8878048780487805
0.8929268292682927
0.8978048780487805
0.9073170731707317
0.8967073170731708
0.9028048780487805
0.8854878048780488
0.8992682926829269
0.9021951219512195
0.8924390243902439
0.9031707317073171
0.9036585365853659
0.8926829268292683
0.8926829268292683
0.8891463414634146
0.9013414634146342
0.8995121951219512
0.8947560975609756
0.901219512195122
0.8940243902439025
