0.8874390243902439
0.8632926829268293
0.8567073170731707
0.9002439024390244
0.8397560975609756
0.8658536585365854
0.8176829268292682
0.8576829268292683
0.7390243902439024
0.8581707317073171
0.8817073170731707
0.8634146341463415
0.8430487804878048
0.8678048780487805
0.8436585365853658
0.8632926829268293
0.8095121951219513
0.8369512195121951
0.7225609756097561
0.8435365853658536
0.8759756097560976
0.8485365853658536
0.8347560975609756
0.8607317073170732
0.8292682926829268
0.8718292682926829
0.8090243902439025
0.8332926829268292
0.723780487804878
0.83
0.8854878048780488
0.8508536585365853
0.8357317073170731
0.8603658536585366
0.8391463414634146
0.8592682926829268
0.8031707317073171
0.8328048780487805
0.7085365853658536
0.8429268292682927
0.8685365853658537
0.8518292682926829
0.8369512195121951
0.8602439024390244
0.8301219512195122
0.855609756097561
0.8013414634146342
0.8412195121951219
0.7325609756097561
0.8319512195121951
0.8654878048780488
0.8479268292682927
0.8595121951219512
0.8559756097560975
0.8270731707317073
0.8582926829268293
0.8021951219512196
0.8345121951219512
0.715
0.8319512195121951
0.8770731707317073
0.8657317073170732
0.8453658536585366
0.8719512195121951
0.8554878048780488
0.8626829268292683
0.8232926829268292
0.8320731707317073
0.7036585365853658
0.8434146341463414
0.8717073170731707
0.850609756097561
0.8370731707317073
0.8595121951219512
0.8304878048780487
0.8570731707317073
0.7992682926829269
0.8257317073170731
0.715609756097561
0.8373170731707317
0.8658536585365854
0.8502439024390244
0.8362195121951219
0.8565853658536585
0.8295121951219512
0.8539024390243902
0.8317073170731707
0.8197560975609756
0.7179268292682927
0.8356097560975609
0.8702439024390244
0.8554878048780488
0.8402439024390244
0.8596341463414634
0.8314634146341463
0.8590243902439024
0.801829268292683
0.823170731707317
0.6969512195121951
0.8307317073170731
