0.9745
0.922
0.933
0.9755
0.9365
0.954
0.806
0.954
0.9645
0.9545
0.992
0.9455
0.9465
0.968
0.9595
0.952
0.939
0.9815
0.961
0.9815
0.974
0.9405
0.9495
0.9755
0.935
0.9575
0.6315
0.8945
0.9745
0.966
0.9885
0.9115
0.904
0.9885
0.9295
0.9175
0.825
0.9565
0.9515
0.96
0.987
0.9115
0.9635
0.9855
0.95
0.976
0.551
0.877
0.985
0.982
0.9095
0.9635
0.983
0.9605
0.979
0.969
0.9815
0.846
0.9555
0.9735
0.924
0.924
0.933
0.9525
0.909
0.957
0.6715
0.9155
0.966
0.9535
0.8805
0.9825
0.995
0.9975
0.9975
0.9945
0.9725
0.5255
0.997
0.987
0.8895
0.979
0.9695
0.9605
0.943
0.9565
0.921
0.938
0.9825
0.9675
0.8455
0.893
0.982
0.9795
0.9935
0.9915
0.8645
0.9315
0.993
0.987
