0.992
0.9635
0.9875
0.99
0.989
0.9795
0.9645
0.95
0.9835
0.983
0.9975
0.9735
0.9915
0.994
0.9915
0.99
0.9805
0.99
0.989
0.9925
0.9935
0.976
0.974
0.99
0.9905
0.9885
0.9645
0.9875
0.98
0.989
0.996
0.968
0.9835
0.994
0.9615
0.986
0.9815
0.9805
0.9735
0.983
0.9975
0.9825
0.9875
0.99
0.986
0.985
0.982
0.974
0.9905
0.9915
0.987
0.9955
0.985
0.995
0.9965
0.996
0.9975
0.9925
0.997
0.997
0.9895
0.966
0.966
0.9875
0.9515
0.9875
0.973
0.981
0.989
0.978
0.995
0.997
0.999
0.9975
0.998
0.9985
0.999
0.9895
0.9985
1.0
0.98
0.985
0.988
0.989
0.9835
0.989
0.972
0.9585
0.9895
0.9835
0.9995
0.9985
0.9995
0.998
0.997
0.9975
0.9985
0.998
0.998
0.999
