0.9735
0.9155
0.9645
0.9865
0.8505
0.986
0.821
0.9265
0.9755
0.9685
0.9935
0.97
0.983
0.9945
0.9805
0.984
0.9765
0.9845
0.982
0.9935
0.9715
0.9345
0.9805
0.979
0.8365
0.9725
0.809
0.92
0.9825
0.981
0.984
0.837
0.9525
0.9885
0.866
0.964
0.6495
0.9045
0.867
0.971
0.988
0.942
0.9675
0.9875
0.7785
0.969
0.7825
0.8905
0.9925
0.98
0.9655
0.9885
0.989
0.9865
0.989
0.992
0.9815
0.9645
0.9805
0.9795
0.947
0.888
0.954
0.9845
0.74
0.973
0.709
0.875
0.962
0.963
0.9515
0.9985
0.9975
0.998
0.999
0.999
0.9945
0.7
0.999
0.994
0.913
0.9825
0.9735
0.986
0.959
0.9845
0.9055
0.9285
0.9785
0.9725
0.977
0.996
0.996
0.995
0.9985
0.9975
0.9725
0.979
0.997
0.9965
