0.9422222222222222
0.5088888888888888
0.9944444444444445
0.945
0.9927777777777778
0.9855555555555555
0.735
0.9916666666666667
0.9966666666666667
0.9816666666666667
0.9838888888888889
0.9622222222222222
0.995
0.9883333333333333
0.9938888888888889
0.9938888888888889
0.9466666666666667
0.9966666666666667
0.9983333333333333
0.9911111111111112
0.7911111111111111
0.7155555555555555
0.9955555555555555
0.9472222222222222
0.9894444444444445
0.9938888888888889
0.9127777777777778
0.9922222222222222
0.9972222222222222
0.9922222222222222
0.9644444444444444
0.5766666666666667
0.9944444444444445
0.8677777777777778
0.9927777777777778
0.9861111111111112
0.7172222222222222
0.9922222222222222
0.9977777777777778
0.9755555555555555
0.7883333333333333
0.6211111111111111
0.9955555555555555
0.9527777777777777
0.9933333333333333
0.9933333333333333
0.8483333333333334
0.9966666666666667
0.9972222222222222
0.9916666666666667
0.9172222222222223
0.9688888888888889
0.9744444444444444
0.8005555555555556
0.9788888888888889
0.97
0.9794444444444445
0.9683333333333334
0.9966666666666667
0.9588888888888889
0.8394444444444444
0.5705555555555556
0.995
0.9127777777777778
0.99
0.9861111111111112
0.8022222222222222
0.9905555555555555
0.9966666666666667
0.9816666666666667
0.9844444444444445
0.9944444444444445
0.9983333333333333
0.8833333333333333
0.9966666666666667
0.9977777777777778
1.0
0.8688888888888889
0.9994444444444445
0.9972222222222222
0.9183333333333333
0.8533333333333334
0.9927777777777778
0.7516666666666667
0.9838888888888889
0.995
0.9716666666666667
0.9861111111111112
0.9961111111111111
0.9894444444444445
0.9622222222222222
0.98
0.9994444444444445
0.6888888888888889
0.9988888888888889
0.9972222222222222
0.9927777777777778
0.9961111111111111
0.9994444444444445
0.9944444444444445
