0.9966666666666667
0.9972222222222222
0.9988888888888889
0.9927777777777778
0.9977777777777778
0.9983333333333333
0.9938888888888889
0.9977777777777778
0.9961111111111111
0.9977777777777778
0.9988888888888889
0.9983333333333333
0.9988888888888889
0.9983333333333333
0.9988888888888889
0.9994444444444445
0.9983333333333333
0.9977777777777778
0.9977777777777778
0.9988888888888889
0.9983333333333333
0.9983333333333333
1.0
0.9972222222222222
0.9972222222222222
0.9988888888888889
0.995
0.9977777777777778
0.9972222222222222
0.9994444444444445
0.9977777777777778
0.9977777777777778
0.9983333333333333
0.9977777777777778
0.9972222222222222
0.9994444444444445
0.9972222222222222
0.9888888888888889
0.9966666666666667
0.9972222222222222
0.9983333333333333
0.9994444444444445
0.9977777777777778
0.9927777777777778
0.9983333333333333
0.9988888888888889
0.9977777777777778
0.9988888888888889
0.9966666666666667
0.9994444444444445
0.9988888888888889
1.0
0.9994444444444445
0.9955555555555555
0.9983333333333333
1.0
0.9977777777777778
0.9944444444444445
0.9983333333333333
0.9988888888888889
0.9988888888888889
0.9983333333333333
1.0
0.9983333333333333
0.9988888888888889
0.9983333333333333
0.9966666666666667
0.9988888888888889
0.9966666666666667
1.0
0.9994444444444445
1.0
1.0
0.9994444444444445
0.9994444444444445
1.0
1.0
0.9983333333333333
0.9988888888888889
1.0
0.9988888888888889
0.9983333333333333
0.9983333333333333
0.9966666666666667
0.9983333333333333
0.9972222222222222
0.9988888888888889
0.9988888888888889
0.9977777777777778
0.9994444444444445
0.9994444444444445
0.9966666666666667
1.0
0.9922222222222222
1.0
1.0
0.9994444444444445
1.0
1.0
0.9994444444444445
