0.871
0.862
0.8857
0.899
0.8017
0.8912
0.7341
0.7956
0.8693
0.8924
0.844
0.8356
0.8583
0.8729
0.7694
0.8658
0.6969
0.7696
0.8432
0.8654
0.8765
0.8659
0.8899
0.9063
0.8055
0.898
0.7385
0.7996
0.8754
0.898
0.8581
0.8634
0.8755
0.8867
0.7953
0.882
0.7629
0.7899
0.878
0.8812
0.8767
0.8655
0.8918
0.9059
0.8179
0.8992
0.7431
0.8051
0.8753
0.8987
0.851
0.8377
0.8618
0.8775
0.7723
0.869
0.7
0.7745
0.8487
0.8706
0.8983
0.8845
0.9108
0.9232
0.8296
0.9161
0.7602
0.82
0.8959
0.9168
0.8547
0.8406
0.8641
0.8795
0.7748
0.8716
0.7018
0.8299
0.8491
0.8723
0.8582
0.8344
0.8603
0.8747
0.7732
0.867
0.7111
0.779
0.8461
0.8679
0.8505
0.8395
0.8635
0.879
0.7734
0.8708
0.7038
0.7756
0.8485
0.8713
