0.9528942115768463
0.9318363273453094
0.95
0.9493013972055888
0.9463073852295409
0.9577844311377246
0.8656686626746507
0.9549900199600798
0.921556886227545
0.9299401197604791
0.9527622909275215
0.9304612265585402
0.9496198682209833
0.9488089204257476
0.9435377597567156
0.9562088190572732
0.8652812975164724
0.9525595539787126
0.9226558540293969
0.9349214394323365
0.9617776886035313
0.9384028892455859
0.9536516853932584
0.954454253611557
0.9508426966292135
0.9609751203852327
0.8836276083467095
0.9593699839486356
0.9181380417335474
0.9353932584269663
0.9569569569569569
0.9431431431431432
0.9578578578578578
0.9557557557557558
0.9503503503503503
0.9617617617617618
0.8711711711711712
0.9583583583583584
0.9181181181181182
0.9378378378378378
0.956079057696147
0.937712118187263
0.9544819325214614
0.95408265122779
0.9489918147334797
0.9604711519265322
0.8698342982631264
0.9582751048113396
0.9197444599720503
0.9401078059492913
0.9609220419469727
0.9418282548476454
0.9560743965176098
0.9660664819944599
0.9511278195488722
0.9625049465769687
0.8725761772853186
0.9592402057776019
0.9223387415908192
0.9391571032845271
0.9539932284405497
0.9351722764389564
0.9553873730332603
0.949312885879307
0.948814977096196
0.9579764987054372
0.8710416251742681
0.95628360884286
0.9193387771360286
0.9349731129257121
0.9556758924989972
0.9417368632170077
0.9548736462093863
0.9513638186923385
0.9511632571199358
0.9590854392298436
0.8866827115924589
0.9564781387886081
0.921981548335339
0.938527878058564
0.9567125473768203
0.9397566327548375
0.9558148813085976
0.952623179732695
0.9511270696189906
0.9604029523239577
0.8831039297825654
0.9577099541192898
0.926391382405745
0.9440454817474566
0.9586627965168651
0.944450005004504
0.9619657691922731
0.9544590131118006
0.9539585627064358
0.9632669402462216
0.9103192873586228
0.9602642378140326
0.9228305474927435
0.9408467620858773
