0.9044444444444445
0.9544444444444444
0.9522222222222222
0.8966666666666666
0.98
0.9672222222222222
0.9344444444444444
0.9427777777777778
0.9922222222222222
0.9772222222222222
0.8872222222222222
0.8988888888888888
0.9744444444444444
0.9166666666666666
0.9672222222222222
0.8961111111111111
0.8422222222222222
0.9283333333333333
0.9566666666666667
0.9194444444444444
0.8427777777777777
0.9272222222222222
0.9766666666666667
0.9355555555555556
0.9761111111111112
0.7266666666666667
0.8177777777777778
0.9355555555555556
0.965
0.9361111111111111
0.7705555555555555
0.9583333333333334
0.9661111111111111
0.9383333333333334
0.9927777777777778
0.9833333333333333
0.8961111111111111
0.9705555555555555
0.9922222222222222
0.9816666666666667
0.8933333333333333
0.8755555555555555
0.9522222222222222
0.8211111111111111
0.9661111111111111
0.9244444444444444
0.7577777777777778
0.9288888888888889
0.9516666666666667
0.9333333333333333
0.9155555555555556
0.95
0.8838888888888888
0.925
0.9733333333333334
0.8744444444444445
0.8966666666666666
0.9238888888888889
0.9516666666666667
0.9383333333333334
0.8755555555555555
0.9366666666666666
0.9261111111111111
0.9194444444444444
0.9638888888888889
0.9222222222222223
0.8183333333333334
0.9688888888888889
0.8127777777777778
0.95
0.8172222222222222
0.9233333333333333
0.9311111111111111
0.9033333333333333
0.8688888888888889
0.8872222222222222
0.9077777777777778
0.9238888888888889
0.9938888888888889
0.9772222222222222
0.7972222222222223
0.8466666666666667
0.815
0.8916666666666667
0.7944444444444444
0.8611111111111112
0.9366666666666666
0.8605555555555555
0.8716666666666667
0.9727777777777777
0.8466666666666667
0.9111111111111111
0.9633333333333334
0.8761111111111111
0.9705555555555555
0.9083333333333333
0.8711111111111111
0.8927777777777778
0.9372222222222222
0.94
