0.9934343434343434
0.9971896955503513
0.9857283464566929
0.9935323383084577
0.9984863773965691
0.991014799154334
0.9902962206332993
0.980276134122288
0.983789260385005
0.9641612742658039
0.996969696969697
0.9953161592505855
0.9911417322834646
0.9930348258706467
0.9949545913218971
0.992600422832981
0.9938712972420838
0.9704142011834319
0.9878419452887538
0.8337481333997013
0.9949494949494949
0.9976580796252927
0.984744094488189
0.9935323383084577
0.9984863773965691
0.9936575052854123
0.9908069458631257
0.9482248520710059
0.986322188449848
0.8810353409656545
0.9919191919191919
0.9939110070257611
0.9778543307086615
0.9875621890547264
0.9919273461150353
0.9841437632135307
0.9805924412665986
0.9644970414201184
0.9807497467071935
0.9586859133897462
0.9929292929292929
0.9990632318501171
0.9901574803149606
0.9970149253731343
0.9989909182643795
0.9973572938689218
0.9918283963227783
0.995069033530572
0.9934143870314083
0.9865604778496765
0.7505050505050505
0.9939110070257611
0.7736220472440944
0.9865671641791045
0.9197780020181635
0.8657505285412262
0.9545454545454546
0.9649901380670611
0.9427558257345492
0.9367844698855152
0.996969696969697
0.9981264637002342
0.9911417322834646
0.9955223880597015
0.9984863773965691
0.9973572938689218
0.9938712972420838
0.992603550295858
0.9918946301925026
0.9885515181682429
0.9843434343434343
0.9939110070257611
0.625492125984252
0.991044776119403
0.8557013118062563
0.9630021141649049
0.9535240040858018
0.9817554240631163
0.9108409321175278
0.7575908412145346
0.9944444444444445
0.9985948477751756
0.9867125984251969
0.9965174129353234
0.9964682139253279
0.9952431289640592
0.991317671092952
0.992603550295858
0.9883485309017224
0.9427575908412146
0.998989898989899
0.9971896955503513
0.71751968503937
0.9990049751243781
0.9994954591321897
0.9989429175475687
0.9979570990806946
0.9965483234714004
0.993920972644377
0.9940268790443006
