0.996969696969697
0.9985948477751756
0.9704724409448819
0.9990049751243781
0.9974772956609486
0.9704016913319239
0.9938712972420838
0.9935897435897436
0.9959473150962512
0.9955201592832255
0.9924242424242424
0.9957845433255269
0.9704724409448819
0.9537313432835821
0.9904137235116044
0.9608879492600423
0.9887640449438202
0.9600591715976331
0.9792299898682877
0.9606769537083126
0.996969696969697
0.9976580796252927
0.9926181102362205
0.9860696517412936
0.9924318869828456
0.9846723044397463
0.9765066394279878
0.9866863905325444
0.9929078014184397
0.9656545545047287
0.9964646464646465
0.9985948477751756
0.9857283464566929
0.9945273631840796
0.9989909182643795
0.9323467230443975
0.9969356486210419
0.9955621301775148
0.9989868287740629
0.9965156794425087
0.9843434343434343
0.9953161592505855
0.9719488188976378
0.9900497512437811
0.9919273461150353
0.9825581395348837
0.9800817160367722
0.9718934911242604
0.9807497467071935
0.9771030363364858
0.9939393939393939
0.9967213114754099
0.9896653543307087
0.9955223880597015
0.9979818365287588
0.9857293868921776
0.9887640449438202
0.995069033530572
0.9964539007092199
0.9910403185664509
0.9924242424242424
0.9826697892271663
0.905511811023622
0.981094527363184
0.9868819374369324
0.9783298097251586
0.975485188968335
0.8925049309664694
0.9199594731509625
0.7794922847187655
0.9833333333333333
0.9995316159250586
0.9778543307086615
0.9985074626865672
0.9919273461150353
0.9883720930232558
0.9836567926455567
0.9955621301775148
0.9954407294832827
0.9895470383275261
0.9303030303030303
0.9423887587822014
0.9803149606299213
0.9930348258706467
0.9848637739656912
0.9667019027484144
0.973953013278856
0.9704142011834319
0.9483282674772037
0.9830761572921851
0.996969696969697
0.9690866510538642
0.9798228346456693
0.982089552238806
0.9611503531786074
0.9704016913319239
0.9856996935648621
0.9699211045364892
0.9493414387031408
0.9830761572921851
