0.9595808383233533
0.9308383233532934
0.9336327345309381
0.9480039920159681
0.962375249500998
0.8549900199600798
0.9641716566866267
0.7883233532934132
0.9518962075848303
0.9079840319361278
0.9587430309173847
0.9292448048656867
0.9330968068930563
0.9467815509376584
0.9620881905727319
0.8286872782564623
0.9641155600608211
0.7833755701976686
0.9514445007602635
0.90704510897111
0.9629815409309791
0.9343900481540931
0.9381019261637239
0.952247191011236
0.9658908507223114
0.8731942215088283
0.9678972712680578
0.8624598715890851
0.9565609951845907
0.9678972712680578
0.9640640640640641
0.9364364364364365
0.9395395395395395
0.9527527527527527
0.9682682682682683
0.835935935935936
0.9698698698698699
0.7921921921921922
0.9574574574574575
0.9134134134134134
0.962567378718307
0.933719305250549
0.9371131962467558
0.9518866041125973
0.9670592932721102
0.8486723896985426
0.9687562387702137
0.8146336594130565
0.9556797764024756
0.912757037332801
0.96398891966759
0.9359912940245351
0.9392560348239019
0.9534032449544915
0.9674515235457064
0.8566481994459834
0.9693312227938267
0.7971903442817571
0.956766917293233
0.9135338345864662
0.9622585142401912
0.9330810595498905
0.9366660027882892
0.9513045210117507
0.9649472216689903
0.8407687711611233
0.9668392750448118
0.7966540529774945
0.9544911372236606
0.9102768372834097
0.9641997593261131
0.937424789410349
0.945146409947854
0.9553750501403931
0.9659045326915363
0.8395507420778179
0.9682109907741677
0.7914159647011633
0.9556758924989972
0.9117529081427999
0.9645920606423299
0.9364651905046878
0.9399561141033314
0.9531218831039298
0.9675842808697387
0.8453022142429683
0.9700777977259126
0.8069020546578894
0.9579094354677837
0.9134250947536405
0.968171354218797
0.9645681113001702
0.9601641477329597
0.9582624361925733
0.9705735161645481
0.8471624462015814
0.9717745971374236
0.8356520868781904
0.967871083975578
0.915423881493344
