0.8653
0.8606
0.8592
0.8718
0.8712
0.8727
0.8662
0.8521
0.8732
0.8704
0.855
0.8298
0.8448
0.8446
0.8513
0.8482
0.843
0.8436
0.8432
0.8358
0.8722
0.8704
0.8879
0.8703
0.8759
0.8841
0.8761
0.8733
0.8732
0.8732
0.8621
0.8544
0.8559
0.8606
0.8684
0.8578
0.8597
0.8389
0.8486
0.8613
0.8662
0.87
0.8646
0.8776
0.8848
0.8773
0.8661
0.8678
0.8776
0.8814
0.8481
0.8397
0.8484
0.8522
0.8495
0.8455
0.8489
0.836
0.8394
0.8459
0.9012
0.8915
0.9038
0.9081
0.8985
0.8997
0.8988
0.8734
0.8921
0.8889
0.8467
0.8535
0.8427
0.8601
0.8521
0.8594
0.845
0.8245
0.8511
0.8362
0.8504
0.8379
0.8334
0.8505
0.8408
0.8535
0.8365
0.83
0.8484
0.8367
0.8505
0.8377
0.8514
0.8505
0.8459
0.8487
0.8449
0.8448
0.8571
0.8562
