0.7975
0.836
0.8592
0.8671
0.8596
0.8678
0.6492
0.7255
0.8696
0.8749
0.7708
0.8105
0.8333
0.8416
0.8331
0.842
0.6126
0.6987
0.8455
0.8479
0.8082
0.8443
0.8682
0.8765
0.8689
0.8782
0.6805
0.7399
0.8791
0.8844
0.7836
0.8262
0.8528
0.853
0.8477
0.8597
0.6369
0.7125
0.8592
0.862
0.8093
0.8502
0.8703
0.8788
0.8725
0.8798
0.6944
0.7472
0.8808
0.8873
0.7875
0.8167
0.8381
0.8508
0.8391
0.8487
0.6121
0.7257
0.8522
0.8553
0.8283
0.8559
0.8815
0.8915
0.8855
0.89
0.6778
0.7507
0.8899
0.8974
0.7953
0.8174
0.84
0.8483
0.8404
0.8481
0.616
0.7901
0.8483
0.856
0.7868
0.8094
0.8333
0.8454
0.8352
0.8426
0.6223
0.7048
0.8417
0.849
0.8013
0.8309
0.8382
0.8471
0.8377
0.8457
0.6386
0.7104
0.846
0.8535
