0.9825842696629213
0.9974160206718347
0.9557860262008734
0.9856353591160221
0.9607182940516273
0.9958628841607565
0.9897610921501706
0.9835886214442013
0.9870349492671928
0.9701492537313433
0.9859550561797753
0.9968992248062015
0.990174672489083
0.9734806629834254
0.9983164983164983
0.9810874704491725
0.9880546075085325
0.9978118161925602
0.9594137542277339
0.9944720840243229
0.9011235955056179
0.9979328165374677
0.982532751091703
0.9828729281767956
0.9938271604938271
0.9462174940898345
0.9926052332195677
0.9923413566739606
0.9915445321307779
0.9911553344389166
0.9573033707865168
0.9989664082687338
0.9716157205240175
0.981767955801105
0.9859708193041526
0.9893617021276596
0.9926052332195677
0.9956236323851203
0.9870349492671928
0.9900497512437811
0.9758426966292135
0.9979328165374677
0.9868995633187773
0.9917127071823204
0.9943883277216611
0.9822695035460993
0.9914675767918089
0.9928884026258206
0.9605411499436303
0.988391376451078
0.9943820224719101
0.9968992248062015
0.9890829694323144
0.9922651933701657
0.9904601571268238
0.9757683215130024
0.9658703071672355
0.9907002188183808
0.9825253664036077
0.9878385848535103
0.9915730337078652
0.9974160206718347
0.9732532751091703
0.9707182320441989
0.989337822671156
0.9645390070921985
0.9869169510807736
0.9409190371991247
0.9481397970687712
0.8258706467661692
0.9938202247191011
0.9953488372093023
0.9885371179039302
0.9961325966850829
0.9292929292929293
0.991725768321513
0.9835039817974972
0.9792122538293216
0.9813979706877114
0.8308457711442786
0.9921348314606742
0.7912144702842377
0.9421397379912664
0.9795580110497237
0.98989898989899
0.9787234042553191
0.9869169510807736
0.9507658643326039
0.963923337091319
0.9563294637921503
0.9921348314606742
0.992764857881137
0.9743449781659389
0.9353591160220994
0.9932659932659933
0.9704491725768322
0.9920364050056882
0.9693654266958425
0.9853438556933484
0.986180210060807
