0.8792857142857143
0.8748979591836735
0.8676530612244898
0.8746938775510205
0.8843877551020408
0.8777551020408163
0.8670408163265306
0.8747959183673469
0.8715306122448979
0.8744897959183674
0.8460204081632653
0.8491836734693877
0.8556122448979592
0.8495918367346939
0.8483673469387755
0.8440816326530612
0.8396938775510204
0.8477551020408163
0.8540816326530613
0.8475510204081632
0.8886734693877552
0.8803061224489795
0.8852040816326531
0.8738775510204082
0.8793877551020408
0.888265306122449
0.8855102040816326
0.8828571428571429
0.8823469387755102
0.8820408163265306
0.8714285714285714
0.8473469387755102
0.8639795918367347
0.8634693877551021
0.8585714285714285
0.8583673469387755
0.8691836734693877
0.8716326530612245
0.8655102040816327
0.8665306122448979
0.8784693877551021
0.8857142857142857
0.8742857142857143
0.881938775510204
0.8856122448979592
0.8894897959183673
0.8618367346938776
0.8873469387755102
0.8801020408163265
0.8808163265306123
0.8558163265306122
0.8506122448979592
0.8530612244897959
0.8414285714285714
0.8665306122448979
0.8518367346938776
0.8485714285714285
0.8570408163265306
0.8596938775510204
0.8510204081632653
0.9132653061224489
0.8945918367346939
0.9083673469387755
0.9080612244897959
0.9114285714285715
0.8962244897959184
0.9107142857142857
0.8977551020408163
0.9037755102040816
0.9154081632653062
0.861734693877551
0.861734693877551
0.8589795918367347
0.8474489795918367
0.8641836734693877
0.8391836734693877
0.8420408163265306
0.8538775510204082
0.856734693877551
0.8397959183673469
0.8476530612244898
0.8348979591836735
0.8403061224489796
0.8537755102040816
0.8531632653061224
0.843265306122449
0.8484693877551021
0.8363265306122449
0.8564285714285714
0.8439795918367347
0.8592857142857143
0.8521428571428571
0.8477551020408163
0.8439795918367347
0.8571428571428571
0.851938775510204
0.8544897959183674
0.8587755102040816
0.8540816326530613
0.8461224489795919
