0.37234693877551023
0.6506122448979592
0.8425510204081633
0.5853061224489796
0.8488775510204082
0.7728571428571429
0.43387755102040815
0.8240816326530612
0.8603061224489796
0.860204081632653
0.29989795918367346
0.595204081632653
0.8156122448979591
0.5425510204081633
0.82
0.7652040816326531
0.36275510204081635
0.7957142857142857
0.833469387755102
0.833469387755102
0.3863265306122449
0.6493877551020408
0.8530612244897959
0.5796938775510204
0.8576530612244898
0.7721428571428571
0.4204081632653061
0.8322448979591837
0.8708163265306123
0.8709183673469387
0.3293877551020408
0.6139795918367347
0.8286734693877551
0.5722448979591837
0.8331632653061225
0.7637755102040816
0.40530612244897957
0.8090816326530612
0.8570408163265306
0.8472448979591837
0.38693877551020406
0.6841836734693878
0.8551020408163266
0.5888775510204082
0.8596938775510204
0.7758163265306123
0.43357142857142855
0.8369387755102041
0.8727551020408163
0.8726530612244898
0.3435714285714286
0.6106122448979592
0.8566326530612245
0.6107142857142858
0.8545918367346939
0.7820408163265307
0.3716326530612245
0.8179591836734694
0.8436734693877551
0.8493877551020408
0.3816326530612245
0.6604081632653062
0.8658163265306122
0.6027551020408163
0.8693877551020408
0.7857142857142857
0.4301020408163265
0.8455102040816327
0.8835714285714286
0.8828571428571429
0.37295918367346936
0.6254081632653061
0.8254081632653061
0.588469387755102
0.8283673469387756
0.7596938775510204
0.41316326530612246
0.8213265306122449
0.8437755102040816
0.8475510204081632
0.31051020408163266
0.6023469387755102
0.8175510204081633
0.58
0.8207142857142857
0.7371428571428571
0.3569387755102041
0.7979591836734694
0.8345918367346938
0.8337755102040816
0.3816326530612245
0.615204081632653
0.8212244897959183
0.6477551020408163
0.8245918367346938
0.7415306122448979
0.3958163265306123
0.8029591836734694
0.8417346938775511
0.838469387755102
