0.8283333333333334
0.8361111111111111
0.9077777777777778
0.66
0.9511111111111111
0.9761111111111112
0.9666666666666667
0.9461111111111111
0.9761111111111112
0.9205555555555556
0.9094444444444445
0.5061111111111111
0.9822222222222222
0.9272222222222222
0.9794444444444445
0.97
0.9238888888888889
0.9716666666666667
0.9844444444444445
0.9361111111111111
0.915
0.9077777777777778
0.7466666666666667
0.9294444444444444
0.9633333333333334
0.9216666666666666
0.8811111111111111
0.9661111111111111
0.9594444444444444
0.9116666666666666
0.9361111111111111
0.9261111111111111
0.9783333333333334
0.6183333333333333
0.9905555555555555
0.9888888888888889
0.9683333333333334
0.9833333333333333
0.9938888888888889
0.9722222222222222
0.9416666666666667
0.8883333333333333
0.9827777777777778
0.865
0.6561111111111111
0.975
0.8844444444444445
0.9711111111111111
0.9866666666666667
0.9466666666666667
0.9616666666666667
0.9216666666666666
0.9766666666666667
0.9383333333333334
0.9783333333333334
0.7744444444444445
0.9372222222222222
0.9627777777777777
0.9705555555555555
0.9522222222222222
0.945
0.9272222222222222
0.99
0.9411111111111111
0.9905555555555555
0.9538888888888889
0.43166666666666664
0.985
0.9477777777777778
0.9277777777777778
0.9061111111111111
0.8716666666666667
0.9761111111111112
0.8361111111111111
0.9622222222222222
0.9727777777777777
0.9322222222222222
0.8361111111111111
0.9933333333333333
0.9722222222222222
0.8988888888888888
0.9255555555555556
0.9683333333333334
0.915
0.9772222222222222
0.9638888888888889
0.9622222222222222
0.9722222222222222
0.69
0.9666666666666667
0.9294444444444444
0.9466666666666667
0.9766666666666667
0.9144444444444444
0.9855555555555555
0.9805555555555555
0.9061111111111111
0.955
0.9822222222222222
0.7272222222222222
