0.9955555555555555
0.9944444444444445
0.9972222222222222
0.9944444444444445
0.9894444444444445
0.9961111111111111
0.9933333333333333
0.9933333333333333
0.9955555555555555
0.9972222222222222
0.9905555555555555
0.9961111111111111
0.9994444444444445
0.995
0.9972222222222222
0.9938888888888889
0.9877777777777778
0.9938888888888889
0.9972222222222222
0.9977777777777778
0.9944444444444445
0.9972222222222222
0.9988888888888889
0.9972222222222222
0.9994444444444445
0.9944444444444445
0.9961111111111111
0.9972222222222222
0.9977777777777778
0.9972222222222222
0.9977777777777778
0.9983333333333333
0.9988888888888889
0.9977777777777778
0.9988888888888889
0.9961111111111111
0.9972222222222222
0.9983333333333333
0.9977777777777778
0.9966666666666667
0.995
0.9955555555555555
0.9977777777777778
0.985
0.9972222222222222
0.9972222222222222
0.9938888888888889
0.9966666666666667
0.9961111111111111
0.9911111111111112
0.9966666666666667
0.9955555555555555
0.9955555555555555
0.995
0.9916666666666667
0.9961111111111111
0.9927777777777778
0.9961111111111111
0.9966666666666667
0.9944444444444445
0.9966666666666667
0.9966666666666667
0.9961111111111111
0.9883333333333333
0.9972222222222222
0.995
0.9777777777777777
0.9983333333333333
0.9966666666666667
0.9944444444444445
0.9955555555555555
0.9938888888888889
0.9827777777777778
0.9927777777777778
0.9922222222222222
0.9888888888888889
0.9827777777777778
0.99
0.99
0.9911111111111112
0.9972222222222222
0.9672222222222222
0.9977777777777778
0.9855555555555555
0.9961111111111111
0.9966666666666667
0.9944444444444445
0.9916666666666667
0.9927777777777778
0.9961111111111111
0.9972222222222222
0.9977777777777778
0.99
0.9933333333333333
0.9966666666666667
0.9977777777777778
0.9938888888888889
0.9927777777777778
0.9933333333333333
0.9905555555555555
