0.5261111111111111
0.6744444444444444
0.9922222222222222
0.7894444444444444
0.9627777777777777
0.9
0.45222222222222225
0.9655555555555555
0.9922222222222222
0.9755555555555555
0.9166666666666666
0.9722222222222222
0.9961111111111111
0.9722222222222222
0.9922222222222222
0.8188888888888889
0.8455555555555555
0.9833333333333333
0.9922222222222222
0.9772222222222222
0.41944444444444445
0.6727777777777778
0.9861111111111112
0.8972222222222223
0.9861111111111112
0.9844444444444445
0.5255555555555556
0.9577777777777777
0.9894444444444445
0.9877777777777778
0.7594444444444445
0.8616666666666667
0.9933333333333333
0.8211111111111111
0.9872222222222222
0.8755555555555555
0.6088888888888889
0.9755555555555555
0.9044444444444445
0.9577777777777777
0.43555555555555553
0.4961111111111111
0.985
0.8372222222222222
0.985
0.9655555555555555
0.46166666666666667
0.9455555555555556
0.9933333333333333
0.99
0.6361111111111111
0.8633333333333333
0.7722222222222223
0.6011111111111112
0.8127777777777778
0.7494444444444445
0.7805555555555556
0.8661111111111112
0.9411111111111111
0.9055555555555556
0.4872222222222222
0.6177777777777778
0.9938888888888889
0.8111111111111111
0.9738888888888889
0.9677777777777777
0.48277777777777775
0.9477777777777778
0.9955555555555555
0.9844444444444445
0.49722222222222223
0.785
0.9705555555555555
0.7316666666666667
0.9738888888888889
0.8927777777777778
0.5683333333333334
0.86
0.9788888888888889
0.9416666666666667
0.8722222222222222
0.9255555555555556
0.9794444444444445
0.8877777777777778
0.9877777777777778
0.9888888888888889
0.8955555555555555
0.9688888888888889
0.9916666666666667
0.9894444444444445
0.505
0.8683333333333333
0.9972222222222222
0.5238888888888888
0.9977777777777778
0.9961111111111111
0.6911111111111111
0.9655555555555555
0.9744444444444444
0.9916666666666667
