0.8051020408163265
0.6546938775510204
0.9010204081632653
0.7227551020408163
0.9010204081632653
0.8972448979591837
0.8019387755102041
0.8760204081632653
0.9059183673469388
0.8957142857142857
0.7790816326530612
0.5698979591836735
0.8742857142857143
0.6940816326530612
0.8742857142857143
0.8697959183673469
0.7546938775510204
0.8493877551020408
0.8791836734693877
0.8688775510204082
0.8278571428571428
0.6227551020408163
0.9072448979591837
0.7278571428571429
0.9074489795918367
0.9025510204081633
0.7806122448979592
0.8826530612244898
0.9121428571428571
0.901734693877551
0.7924489795918367
0.6409183673469387
0.8889795918367347
0.7253061224489796
0.8887755102040816
0.8852040816326531
0.7989795918367347
0.8640816326530613
0.8939795918367347
0.8837755102040816
0.8312244897959183
0.6389795918367347
0.9080612244897959
0.7292857142857143
0.9078571428571428
0.9031632653061225
0.79
0.883061224489796
0.9127551020408163
0.9018367346938776
0.7933673469387755
0.573265306122449
0.881734693877551
0.73
0.8811224489795918
0.8775510204081632
0.7542857142857143
0.8559183673469388
0.8827551020408163
0.8781632653061224
0.8313265306122449
0.6482653061224489
0.9255102040816326
0.7472448979591837
0.9258163265306123
0.9214285714285714
0.8062244897959183
0.9009183673469388
0.9307142857142857
0.9206122448979592
0.7839795918367347
0.5727551020408164
0.8814285714285715
0.7155102040816327
0.8816326530612245
0.8765306122448979
0.7552040816326531
0.8775510204081632
0.8863265306122449
0.8760204081632653
0.7902040816326531
0.5896938775510204
0.8755102040816326
0.7371428571428571
0.8760204081632653
0.8706122448979592
0.7507142857142857
0.8514285714285714
0.8804081632653061
0.87
0.7868367346938776
0.5745918367346938
0.8805102040816326
0.7489795918367347
0.8805102040816326
0.8756122448979592
0.7551020408163265
0.8554081632653061
0.8853061224489795
0.8746938775510205
