0.8708536585365854
0.8913414634146342
0.8741463414634146
0.9030487804878049
0.8704878048780488
0.8951219512195122
0.8718292682926829
0.8807317073170732
0.8928048780487805
0.8936585365853659
0.8789024390243902
0.8897560975609756
0.8690243902439024
0.8992682926829269
0.8742682926829268
0.8965853658536586
0.8741463414634146
0.8775609756097561
0.8871951219512195
0.8854878048780488
0.8662195121951219
0.88
0.860609756097561
0.8890243902439025
0.8620731707317073
0.8882926829268293
0.863780487804878
0.8702439024390244
0.879390243902439
0.879390243902439
0.8910975609756098
0.8857317073170732
0.8628048780487805
0.8934146341463415
0.8751219512195122
0.8917073170731707
0.8676829268292683
0.8802439024390244
0.8868292682926829
0.8853658536585366
0.8671951219512195
0.8829268292682927
0.8634146341463415
0.8891463414634146
0.8640243902439024
0.8898780487804878
0.8659756097560976
0.8729268292682927
0.8818292682926829
0.8820731707317073
0.8614634146341463
0.8789024390243902
0.8652439024390244
0.8852439024390244
0.8597560975609756
0.8891463414634146
0.865609756097561
0.868780487804878
0.879390243902439
0.8778048780487805
0.8724390243902439
0.8940243902439025
0.8769512195121951
0.8980487804878049
0.8815853658536585
0.8959756097560976
0.8904878048780488
0.8826829268292683
0.8886585365853659
0.8953658536585366
0.8647560975609756
0.88
0.8604878048780488
0.8876829268292683
0.8624390243902439
0.8868292682926829
0.8636585365853658
0.8707317073170732
0.8790243902439024
0.8810975609756098
0.8629268292682927
0.8786585365853659
0.8608536585365854
0.8867073170731707
0.8613414634146341
0.8865853658536585
0.8641463414634146
0.869390243902439
0.8778048780487805
0.8791463414634146
0.8675609756097561
0.8884146341463415
0.865
0.8919512195121951
0.8674390243902439
0.8897560975609756
0.8684146341463415
0.8723170731707317
0.8832926829268293
0.8836585365853659
