0.9990543735224586
0.9965208747514911
0.9974874371859297
0.9964322120285423
0.9951923076923077
0.9927760577915377
0.9965139442231076
0.9959058341862845
0.9964806435394671
0.9958467928011075
0.9972027972027973
0.9990552668871044
0.9985199802664035
0.9966555183946488
0.9953767914932964
0.9971550497866287
0.9953358208955224
0.9892262487757101
0.9950347567030785
0.9974012474012474
0.9949748743718593
0.9893203883495145
0.9880358923230309
0.9965703086722195
0.9974899598393574
0.9810725552050473
0.9974593495934959
0.9931305201177625
0.9863911290322581
0.9910846953937593
0.9973319103521878
0.9917525773195877
0.9905472636815921
0.9928425357873211
0.9773982923154194
0.9891891891891892
0.9979166666666667
0.9903536977491961
0.9915833771699105
0.9974823766364552
0.9917184265010351
0.9989832231825114
0.991008991008991
0.9872361315660285
0.989409984871407
